100 300
0 14 51 26 5 19 87 9 7 6 41 48 52 24 75 1 13 6 86 11 40 39 26 9 1 3 83 30 3 22
1 3 58 28 67 21 61 28
2 2 38 15 24 26
3 6 77 3 45 8 16 49 89 11 4 17 34 33
4 4 73 5 57 21 54 30 76 14
5 3 19 18 60 9 78 33
6 8 34 19 98 30 61 27 38 47 65 46 39 1 87 22 62 6
7 2 95 30 79 34
8 6 50 23 43 49 61 46 87 2 81 14 99 10
9 1 99 6
10 3 23 13 21 33 96 44
11 4 96 20 68 36 22 25 42 37
12 2 50 9 55 46
13 5 97 7 8 3 12 41 45 3 6 16
14 1 65 14
15 7 21 43 14 40 62 15 73 29 20 49 47 13 88 1
16 3 28 4 9 13 50 39
17 1 99 24
18 1 88 44
19 2 45 10 87 7
20 3 90 19 99 19 28 11
21 2 17 7 78 24
22 2 38 16 97 17
23 1 99 48
24 4 90 9 55 16 82 16 27 46
25 5 18 37 47 12 42 49 63 28 85 19
26 7 96 47 18 27 13 7 36 10 12 29 99 24 74 2
27 1 99 4
28 1 99 38
29 1 8 1
30 1 99 41
31 4 38 8 74 38 46 6 63 41
32 4 37 7 25 26 54 10 17 36
33 4 29 5 42 23 66 17 32 50
34 2 30 24 38 46
35 3 42 10 54 32 20 31
36 4 73 7 2 9 39 48 97 39
37 6 76 23 14 15 87 21 16 36 80 37 47 43
38 1 99 34
39 3 12 5 21 50 20 4
40 5 50 25 28 16 69 48 71 47 55 6
41 7 72 41 85 8 94 7 69 26 78 6 25 11 57 20
42 1 59 9
43 2 88 13 17 22
44 3 93 13 16 29 70 46
45 1 16 2
46 1 23 3
47 1 24 43
48 1 88 1
49 4 68 24 45 8 67 44 12 21
50 1 99 11
51 3 73 33 11 5 90 26
52 3 89 43 84 12 95 44
53 5 82 42 48 19 2 37 45 14 39 39
54 4 63 38 20 18 47 9 56 5
55 1 99 46
56 1 46 26
57 2 74 7 64 45
58 5 22 9 10 47 28 7 12 36 62 32
59 1 99 26
60 6 19 36 62 48 36 10 31 3 33 12 35 12
61 1 20 25
62 5 37 49 76 9 45 2 54 32 63 20
63 3 27 2 24 47 46 36
64 1 25 44
65 2 38 11 17 40
66 2 53 42 43 20
67 4 71 20 89 31 9 46 82 20
68 3 42 21 90 43 74 22
69 7 12 20 76 29 98 31 18 22 91 14 70 11 15 5
70 2 99 23 53 26
71 3 88 41 85 7 54 3
72 4 82 48 19 10 92 18 85 39
73 4 21 26 54 9 8 35 42 24
74 3 2 23 65 36 53 1
75 1 11 17
76 2 24 21 16 50
77 4 43 43 2 26 6 33 67 44
78 1 99 9
79 2 33 5 25 20
80 2 88 26 34 14
81 1 16 32
82 1 99 19
83 4 12 39 11 14 13 20 15 18
84 2 54 23 65 1
85 2 88 35 42 39
86 6 72 14 49 2 81 41 69 49 2 8 50 34
87 3 34 9 42 35 46 10
88 1 59 13
89 3 65 9 53 14 21 50
90 1 99 3
91 2 84 47 21 34
92 6 35 5 32 29 55 17 66 39 27 33 54 21
93 3 99 11 19 12 21 14
94 4 67 18 21 45 15 22 47 28
95 5 36 25 54 17 2 28 44 48 74 4
96 3 25 34 55 27 82 41
97 1 19 48
98 1 19 43
99 0
SOURCE 0
SINK 99
